Capcom:0.8457648-0.3395891-0.51:1
Sir-Tech:0.7783508-0.3373333-0.51:1
Wargaming:0.7783508-0.248-0.67:1
Nintendo:0.8555096-0.2621636-0.6971428:0
LucasArts:0.7783508-0.256043-0.8222222:0
Fullbright (company):0.6690946-0.2-0.645:0
